22
0 1470 3327 2427 3920 3807 4248 3805 2261 2223 6722 2292 3287 7026 1344 3975 7970 5590 6036 7985 1510 4276
1470 0 4027 3127 3614 3501 4948 4505 2961 1917 7422 1986 2981 7726 2044 3669 8670 6290 6736 8685 2210 4976
3327 4027 0 1458 6477 6364 1833 1390 2286 4780 4307 4849 5844 4611 3109 6532 5555 3175 3621 5570 2503 1861
2427 3127 1458 0 5577 5464 2379 1936 1386 3880 4853 3949 4944 5157 2209 5632 6101 3721 4167 6116 1603 2407
3920 3614 6477 5577 0 1479 7398 6955 5411 2685 9872 3024 2579 10176 4494 1647 11120 8740 9186 11135 4660 7426
3807 3501 6364 5464 1479 0 7285 6842 5298 2572 9759 2911 2466 10063 4381 936 11007 8627 9073 11022 4547 7313
4248 4948 1833 2379 7398 7285 0 1051 3207 5701 3230 5770 6765 3534 4030 7453 4478 2098 2544 4493 3424 1696
3805 4505 1390 1936 6955 6842 1051 0 2764 5258 3525 5327 6322 3829 3587 7010 4773 2393 2839 4788 2981 1253
2261 2961 2286 1386 5411 5298 3207 2764 0 3714 5681 3783 4778 5985 2043 5466 6929 4549 4995 6944 1437 3235
2223 1917 4780 3880 2685 2572 5701 5258 3714 0 8175 1327 2052 8479 2797 2740 9423 7043 7489 9438 2963 5729
6722 7422 4307 4853 9872 9759 3230 3525 5681 8175 0 8244 9239 1578 6504 9927 1860 3012 1942 1875 5898 4170
2292 1986 4849 3949 3024 2911 5770 5327 3783 1327 8244 0 2391 8548 2866 3079 9492 7112 7558 9507 3032 5798
3287 2981 5844 4944 2579 2466 6765 6322 4778 2052 9239 2391 0 9543 3861 2634 10487 8107 8553 10502 4027 6793
7026 7726 4611 5157 10176 10063 3534 3829 5985 8479 1578 8548 9543 0 6808 10231 2826 3316 2246 2841 6202 4474
1344 2044 3109 2209 4494 4381 4030 3587 2043 2797 6504 2866 3861 6808 0 4549 7752 5372 5818 7767 1292 4058
3975 3669 6532 5632 1647 936 7453 7010 5466 2740 9927 3079 2634 10231 4549 0 11175 8795 9241 11190 4715 7481
7970 8670 5555 6101 11120 11007 4478 4773 6929 9423 1860 9492 10487 2826 7752 11175 0 4260 3190 1329 7146 5418
5590 6290 3175 3721 8740 8627 2098 2393 4549 7043 3012 7112 8107 3316 5372 8795 4260 0 2326 4275 4766 3038
6036 6736 3621 4167 9186 9073 2544 2839 4995 7489 1942 7558 8553 2246 5818 9241 3190 2326 0 3205 5212 3484
7985 8685 5570 6116 11135 11022 4493 4788 6944 9438 1875 9507 10502 2841 7767 11190 1329 4275 3205 0 7161 5433
1510 2210 2503 1603 4660 4547 3424 2981 1437 2963 5898 3032 4027 6202 1292 4715 7146 4766 5212 7161 0 3452
4276 4976 1861 2407 7426 7313 1696 1253 3235 5729 4170 5798 6793 4474 4058 7481 5418 3038 3484 5433 3452 0
